223254
649708
588708
463808
707626
709014
588290
621976
46374
608452
564222
211370
681112
215690
702298
544358
25706
66814
233186
496718
81826
504504
69604
526882
213178
684240
53306
458476
114176
210898
237464
79296
684170
118276
448426
686642
523534
124300
31086
656204
30124
17382
521382
30600
515002
107190
480054
514934
587944
632072
570586
558318
55252
473322
486678
516948
28596
37624
589888
535460
694808
52404
694530
535668
226110
539562
621044
658692
588568
226430
214930
208038
217862
640094
15026
476784
32110
630962
39770
495328
219232
215304
224118
660568
36860
562138
585234
233322
451572
588012
495260
694322
30462
718292
591904
522284
700006
477548
554796
706526
609842
496232
569474
551670
597120
14332
42940
88706
217070
627920
544428
512920
646330
530496
602746
513198
226280
483918
619584
102658
216514
633184
41968
433378
502142
123328
656620
630196
218536
536154
213670
716416
670928
76358
698240
502352
639886
115774
583164
595720
230086
482598
457850
699282
528134
68562
121382
432522
510826
73022
561236
662234
639190
580454
117304
28040
226466
25150
37596
711584
557970
74134
573856
211238
716278
89124
212684
50040
75940
71826
701116
35332
113132
575592
11482
600106
212916
100436
698656
534182
698032
462420
56850
467862
26262
608384
16068
667272
480472
585372
513544
102102
121244
464364
595164
714086
127656
685142
680002
504088
551114
526466
663486
628544
217180
548962
72244
88358
482458
701950
622878
549308
708112
604166
563668
216282
11898
538012
594608
578622
464712
116052
510964
676388
87126
216448
549240
40232
104482
450808
216738
574828
74342
615470
21104
458198
600732
24526
515280
442298
539980
701882
522910
691506
26818
661262
554310
74828
434976
624626
107886
507248
212796
673766
89748
639260
36304
483154
73370
557832
651644
484682
41022
481208
125620
23856
515072
518684
710612
235376
103926
628266
117650
623226
552990
582886
675034
475256
490952
434004
94578
13608
40882
638844
10648
462628
710264
612690
710056
69394
674964
513822
216838
451294
435898
237418
551810
234666
211544
477966
143058
101478
506830
523744
536432
593566
632906
499080
16484
468210
676250
523812
121522
561860
16208
494494
207864
510756
35748
101268
139334
582608
23958
213798
494982
69812
683196
593428
543594
579316
697546
642406
490674
660636
215722
475812
695364
452476
51778
75106
550906
32944
657314
591416
209644
478938
546738
211114
33896
611162
109484
539840
643172
522076
562902
224450
67648
477618
56154
494078
130490
446202
471654
24444
553338
68838
550838
460004
451502
552574
458060
238804
10786
468556
442436
598578
469530
582330
8000
649640
700908
709918
26332
472904
226504
712140
139820
103006
216664
68770
713044
213332
562278
587318
647732
463044
701812
136000
88636
532232
720168
611440
22776
661956
528550
529314
491160
573438
129602
207544
503324
595026
11968
214738
500330
633462
24942
35470
25000
128420
53932
217154
74898
670652
553200
455514
211820
553824
631934
529176
557136
692132
680834
490258
107746
485030
558804
690534
115844
547710
225406
481556
574480
17244
31972
136416
52542
39076
662582
474770
527786
120758
115288
639746
549378
564710
234616
39006
562834
468140
234608
483778
663554
629710
437496
26888
450878
514240
120896
47554
80600
76912
102242
478244
600662
442228
437358
543872
584956
232958
527438
504018
507664
137598
108024
90374
234058
609078
497900
709154
662166
544776
101338
690672
678194
490118
86222
462488
99814
473390
499984
529036
716972
698170
673628
495536
211002
233278
119596
529106
97148
481834
434560
209560
592732
574134
632212
620974
498454
629572
108164
603750
710196
564640
41578
606592
641712
678404
559012
95760
486608
140932
592872
579456
121660
510270
211692
105940
559498
217842
453450
719544
101894
510132
237994
632976
93466
215168
35192
524368
10996
124578
33340
46860
65078
551462
712628
225614
229266
445854
678334
676180
52472
28624
521938
600524
663068
477062
667690
609216
54834
83078
93954
687476
86152
526604
109274
233340
476646
33062
448286
217188
42732
563528
641852
214982
611300
99190
527578
564154
238426
536086
207512
587388
103354
711446
9560
615538
685004
218202
135514
629780
47276
23716
691784
616822
56294
213116
666648
137944
607078
119388
235358
644144
534904
558874
24860
686502
534488
569196
652060
69742
517782
125342
48736
517642
496162
510618
69672
74690
518894
634296
53654
484890
216024
219058
214840
207896
667760
513614
601566
535044
458406
450946
12246
216060
41368
142988
474632
611856
15096
642338
597884
50458
507942
469876
474562
24028
40996
462836
485636
76010
683962
513892
234354
219288
37386
681808
25914
657454
717112
469390
41898
28416
36234
13538
642894
14678
551740
580592
686920
711030
642616
510200
464852
691020
125064
448634
515906
593358
26124
564432
472002
116608
629224
223202
99468
75246
85666
122980
585720
510686
553964
656898
17174
575384
597190
635310
498872
100018
525550
487304
671068
226622
717180
89818
549586
93814
238238
62374
21036
138154
452546
8140
531468
459032
591694
41924
235900
496580
114454
537108
706456
211176
716138
575244
233082
41438
53168
595512
446550
511242
7932
487372
524300
649432
661540
238456
682154
679168
27374
600872
117580
476716
443132
706664
531398
52056
210654
104064
12732
575454
447314
633670
212810
142112
95828
557900
502560
465198
558734
573646
503046
28248
585304
495398
504158
475882
122216
623018
21800
690950
490812
48526
562626
464226
628058
549518
552504
233914
433170
510478
707694
648666
463878
704646
701464
522354
692478
497760
129392
603472
224562
31434
20340
485168
491716
612482
612552
666022
656828
531884
671960
209496
77768
139612
569544
462558
217892
599482
41482
76496
535876
46096
53722
27026
132296
35424
609980
630892
231902
633324
616614
678264
530426
638982
663832
82382
632142
42594
665606
708250
656968
661888
667898
517990
632420
537734
593010
454958
553546
528620
652200
655648
708736
678820
498386
33758
600176
472834
467376
469460
698100
573924
665674
25138
209804
27762
90096
443478
527160
599204
29974
232296
67370
66606
512850
437704
73856
82800
102798
698518
497482
497968
492272
593982
69256
459866
21522
42038
585026
606938
536224
534112
447244
563320
218978
94996
73996
543456
486816
59596
469738
123606
36622
646886
486122
232714
587110
109136
544636
476298
574620
494148
699420
468974
485566
547502
435830
506066
573230
22220
448216
643936
709570
97426
546112
33618
76844
28318
95898
530356
492202
633532
458546
500538
77350
477480
224620
642684
92842
129116
223646
669886
461656
485984
560818
105870
24374
713252
536970
498802
102520
502768
484056
522146
48318
657246
633810
49414
718848
537456
551532
471862
641642
686850
637884
506762
131392
678890
599690
121452
40048
712350
480540
493662
593636
448356
52126
594956
548336
433726
550350
643726
667064
451016
645984
492898
678472
27582
39814
27166
498316
123884
140446
124648
136972
684934
211598
233396
447452
53792
238356
680140
502908
96246
505200
86362
588430
225148
582260
216294
117372
51292
29906
673280
468418
83634
604444
41064
100852
693034
27860
657524
28526
567668
139196
209028
105454
529592
433240
453380
699866
138222
536760
107468
51638
225240
37416
35610
138292
530912
466032
563598
638092
603818
495954
70298
573786
516184
539354
521312
539284
55390
574898
634156
33828
634686
529454
553408
514724
214776
56362
38590
712904
434282
614150
128906
8278
132574
657176
94022
700422
702228
687754
40648
233688
607008
237900
602956
124508
12594
90512
597258
597744
36552
42134
445508
27692
99884
629502
70714
219080
612066
570654
80530
495468
37762
503532
34134
11830
478660
130698
486052
132088
666370
484612
564570
546946
560540
486956
94648
477826
118692
554242
101060
649292
80044
651714
471724
24582
549170
502490
82104
502976
641434
599342
16346
138570
451224
132156
497274
624558
647454
573022
82244
33480
503810
129810
531816
619792
470780
27930
81688
615122
718432
537664
596912
238182
578482
141140
446132
590028
530286
680210
649154
37040
670374
716764
676318
520756
81896
23194
708390
712418
125760
105802
631448
22430
492688
701048
212728
229772
582400
108788
548892
530564
74760
623876
718362
482112
718988
217788
702158
46652
580662
470572
635658
629642
508428
637606
487026
448008
551046
237258
23994
21174
655856
24166
10718
136346
630406
472210
504992
677362
452962
136208
73648
41090
517226
529940
695086
651436
138500
12384
215090
108510
491578
471932
608730
122078
564500
524994
459380
548684
218660
35286
216384
569890
52820
113202
507804
598162
711654
679654
643658
685212
679306
218354
225360
137666
78392
94162
603542
467654
11412
546530
235036
112576
583580
525202
23610
23888
129046
641364
516462
216106
49972
495190
482182
523258
99746
608870
537178
547016
661192
207384
121938
50736
223632
528758
491854
469946
629294
614288
544568
215058
212650
658622
34452
437636
710404
131740
698310
692756
587804
238794
14470
521172
96454
524924
654328
606314
138848
496440
604306
519518
458754
458892
436524
707902
20548
51848
66120
551324
226302
643518
469042
481764
209458
694738
40536
45818
33410
454750
605688
672376
61194
695016
40326
532788
560610
554172
657592
25082
646678
53446
494704
714016
479078
102034
489910
567736
106982
708668
455376
532024
667482
674616
234124
128490
464920
22008
636842
37276
494772
238438
615400
26680
226438
590792
215032
691576
17868
594122
82452
29986
489562
447106
557692
518060
627642
663624
103994
543386
608522
663208
561930
465128
121868
462766
51014
52612
22708
7514
216110
514170
647802
55668
612412
646608
513684
23540
225938
209740
495120
121800
718084
475534
644004
568014
587180
233478
74620
15374
694460
52750
537386
661610
482946
522492
546808
443410
546182
32994
496856
20966
506414
74550
643102
214794
207642
225738
676736
128628
47694
130836
487512
537802
71756
129740
549100
71202
37554
112784
476090
230182
56432
594260
510548
500192
436454
677778
499218
36762
472418
720308
546044
65982
75662
436316
210338
490396
40022
67510
674826
560472
498108
712488
673072
518616
33272
88428
635032
135860
457572
609148
35540
648876
528342
234652
125134
594052
613386
651852
137110
213018
97566
29848
651296
626530
677430
130906
93536
692896
544706
515976
478452
10856
87682
216336
15234
88914
583510
72814
451712
711238
464086
560402
212970
36582
433934
36484
677640
527856
490188
107816
630266
695434
117026
631170
588360
100714
551392
523604
235312
474700
104550
92564
583720
209580
112646
635102
12176
663346
699004
15582
36790
465060
631794
601426
569682
237256
237926
127726
476368
627850
211506
493314
666926
463532
546600
461586
504852
216078
23924
684586
692548
117164
599064
536364
232576
34104
716348
122146
590096
567806
208562
511312
587596
25428
712002
477202
62236
690812
503394
442368
225960
513266
209616
717946
507386
97496
460144
238920
468486
228900
130560
527230
529800
651574
436594
668038
218002
591764
36026
550072
85736
234318
71618
37526
568292
701186
587040
444604
77906
637814
101546
534974
700492
681252
101824
560888
83910
54278
22984
495746
608800
709778
654884
229902
216016
36344
225966
525620
684656
27512
455444
115428
477896
34870
704784
31016
37248
629850
131046
224530
572952
20826
508360
596772
522214
656064
628128
31504
12662
140794
483500
451642
114316
673140
660776
586138
141766
527924
492550
108372
229544
602678
682086
446480
103144
36720
462212
717806
719612
211224
706734
583024
490744
697892
82660
597050
568084
67580
575036
104620
632560
474978
526744
78878
698934
226708
557346
107122
78184
580940
234012
477688
477272
457712
235836
568432
27136
15930
215988
590584
235550
140306
104204
107260
549864
516600
532094
470084
124230
213454
46512
452824
537316
464434
465894
673210
506136
436872
668106
514308
434838
586832
659664
570308
679862
516740
135304
210440
534766
229372
11690
601844
522632
48596
627780
534044
711376
654258
710960
42454
108302
212540
130628
582122
526952
445438
570446
709710
548752
30808
140724
642546
519658
630336
564988
90444
68700
690742
23262
592524
215328
557554
209900
78600
68492
216744
648598
516878
695294
434906
499566
464642
528828
66538
94926
486470
562208
112368
613594
34592
568640
229626
474908
436940
218122
35842
619724
41160
643866
485844
468000
12038
83008
472070
434490
218980
77420
599760
662304
612620
218918
711168
493384
580314
74204
226596
497830
208488
561652
495606
71132
515766
497690
472348
463114
552226
76704
550004
606522
445576
45886
68908
518198
79834
85528
529244
610676
53236
83286
224124
124162
208804
31642
235746
237208
519588
135582
444812
125204
544080
703132
209838
632698
583650
546878
494008
610746
36900
96732
667828
678682
77072
549656
655162
237066
506970
83146
610954
640164
691368
107608
494634
45608
506692
630752
468278
212978
679584
492966
29708
442714
558040
655370
115010
115566
517504
482042
141280
443340
37346
216896
695156
666230
67440
543248
697824
683128
129184
564848
692270
78322
432382
610190
55876
234582
99536
651018
65842
581844
23332
589820
552644
89678
496302
638704
659804
233364
223568
518476
139542
434420
119734
119318
78254
229238
120410
82868
214750
470154
54488
28110
71062
226108
610536
559152
225554
657106
28804
671890
498594
232392
458684
234454
495676
579178
127586
681460
633740
76080
8070
586346
40092
530148
79226
81758
238536
36276
40814
122356
475048
659456
80878
207902
579038
465754
557414
549934
210498
585790
26958
504574
604028
13468
567876
127934
517018
560958
8210
570516
611926
27970
86778
99954
706804
485496
517920
521868
88568
527092
708458
475742
639052
468070
136624
656690
218996
137250
108094
71270
476576
223530
520826
114246
27554
692062
624696
27304
665952
99676
627364
712974
672794
582678
459518
514030
494356
20896
207390
581982
132434
485706
474284
629432
586206
672308
539702
711308
213446
117442
642130
124718
690604
552018
689770
554588
452338
592042
232882
673696
660846
578760
555006
520618
40926
598300
238490
694946
673558
610398
581774
704576
612898
470850
97288
682224
573092
223212
559846
447522
85458
41690
531190
235110
80112
708320
558666
633254
123398
461794
708876
608592
601358
526326
666994
682642
599134
229016
484752
125550
558596
532858
213360
103214
511450
608660
716694
523048
553476
590236
121590
225480
484404
135652
37486
708806
82938
643588
516530
515836
436384
222858
598370
682850
92910
30530
234526
444744
136834
491090
599898
212564
78044
122910
518824
36970
234688
606800
39494
663764
28944
556998
465824
598786
30322
527716
21660
224552
642476
207468
448494
445924
113480
89540
25070
602192
74412
648388
561028
634894
39980
670582
229018
92980
232528
557206
716486
14888
238192
591070
211094
70436
483570
207882
46582
490048
66746
34382
585164
677918
717390
116122
69882
455166
646122
638024
208896
620696
677986
618108
455028
498732
41508
446758
619236
77836
614704
534834
36414
444882
42524
595234
211930
548058
660082
119942
94300
86014
545192
460074
17730
586068
9142
597536
489702
520896
66260
73718
475604
17312
702506
37664
137876
651226
118832
56640
87056
78462
552782
87334
129670
482320
16276
637536
31294
600384
478036
506344
578692
505130
691714
235846
672446
615608
600940
637676
120548
560054
52958
720238
658552
23786
47972
135722
12316
142668
706386
453240
463740
46164
549030
24930
492064
454402
703410
494564
595094
27234
79088
662374
459936
136694
121104
598232
459726
683336
660984
459170
234298
28554
557276
575800
585582
677500
70924
598856
707416
635518
507178
652338
511104
472766
670164
123120
603958
594470
593288
610328
685558
32318
582816
574202
122424
670442
29570
630684
717876
99120
707556
225594
75454
109066
24514
233222
70090
140376
575662
40258
22498
554032
602608
36830
605966
627710
75038
692410
215482
72312
100992
640024
94092
694670
700978
707764
713322
118970
553754
65426
457920
86500
660706
26748
604374
606382
504366
224926
15998
100226
706594
705410
35400
581634
610258
635728
232904
533974
211900
524646
442922
690464
119526
30878
28000
236816
22290
223062
115636
582746
225880
637746
474840
237868
525758
646052
521104
616960
207566
15790
551948
560262
454610
589402
131324
215930
7862
225186
39884
610814
219340
26470
497552
482806
551880
229714
95620
434768
523326
226202
212866
77558
662720
702992
665744
223502
673488
529522
123952
8726
497204
600594
447592
498176
83494
600038
535808
123050
88846
522562
656760
55946
32526
26610
116470
590166
139960
578900
215000
634088
465268
673418
512988
639120
651504
637260
695572
24096
89888
662444
218908
115914
231962
593496
107538
95550
216650
669818
115358
235676
472488
588152
75870
700284
217120
581080
226424
659108
435116
580524
435760
435046
140028
684864
660358
583232
702784
674894
448564
54210
528966
73300
140516
619514
233038
41230
42246
486330
669956
447174
32180
8796
87820
652130
643450
628822
561582
7722
578830
136486
447938
502212
534558
620140
69116
649362
215940
80668
662512
558178
237312
46304
611996
464574
119110
224666
138918
615260
521660
516044
453172
120012
487164
232526
543526
588916
504436
719196
625252
23054
36930
136138
89332
124092
68978
235142
137320
699352
462350
102310
497134
655092
142460
132366
658762
75384
532926
698726
580870
516114
568780
573368
36374
225312
53028
210710
113690
89054
686712
621182
592594
229190
211776
611718
511520
589332
595372
627156
581218
114872
208772
117928
496370
73508
643032
655926
710126
53376
540188
561514
76566
660150
211386
701604
548614
77698
633114
558942
519310
586970
520686
508290
514864
141836
24872
569266
660290
561792
483362
116748
78948
521034
641782
135374
659038
28486
122494
93328
585094
25208
225820
85250
568848
525688
630822
537594
559290
56572
211660
503184
27484
477410
547294
130976
467444
142182
486260
106912
45540
493800
87264
225018
100366
135792
119874
128282
492828
453588
141558
525272
47762
573716
564362
37832
685282
654050
213280
550420
702576
662652
624904
547642
659526
117094
433518
238722
553686
140098
209520
51360
585998
606174
550560
691298
641920
122772
142252
596980
17452
12524
442854
215228
108718
43010
480264
491368
67718
522980
589194
548474
661054
525064
109414
567946
589054
225948
613108
15720
140584
471792
96592
131880
92634
648736
517712
131114
479986
119666
50944
32666
603888
570238
535738
654188
232158
138708
86986
600246
649500
528690
559360
35702
235384
53584
69326
481972
87404
640510
506274
579108
235338
603332
546252
211038
210588
94440
138986
623086
30392
640580
216466
507040
657038
27414
51986
532718
24236
108440
102728
517850
13398
105524
82730
459448
93050
486400
468348
18008
601636
86640
639538
573300
229724
42662
232326
521242
77628
218112
705340
503880
563736
557068
225964
36166
7584
67162
217884
665814
29430
592454
606104
138778
109344
142920
132504
544290
232952
484820
604514
117234
437080
655230
679932
7654
563112
660012
628336
515488
210894
14610
210706
517364
465546
28456
458616
550976
27068
531954
71966
448078
495050
551602
526814
552712
514656
26054
124856
481904
711932
531676
637954
585650
45956
592940
656272
614428
114524
524578
76148
213434
212800
226036
568154
537524
570168
529870
561166
639816
568362
702854
513406
17590
36442
46928
717250
46442
592386
482390
529662
72034
652478
116260
485238
104690
89610
523882
8864
687684
552296
531260
38868
445090
94230
553894
582468
213114
473182
480124
551184
99258
27096
104412
26192
238416
619654
433308
36136
85320
597814
582954
673002
508012
476506
720654
663694
56086
639398
631656
116678
96106
654120
591000
209372
100644
503740
574342
94786
503672
678542
95272
548406
85596
614080
118136
226122
695502
41646
108650
713738
506622
222890
625182
219068
519240
610884
37138
710334
532302
594678
539772
226758
93258
613940
536572
478590
101200
463462
37902
37456
651366
586624
702714
437426
230180
40952
581912
49346
14262
132226
666092
42316
520964
207542
62028
106844
513058
681390
697476
136556
237790
677570
491230
673974
121036
642824
140654
226722
104342
129532
20758
642268
598510
539424
470502
628892
9490
633602
548544
683406
536294
118554
508568
461446
590722
433100
121174
112298
461516
694252
41856
75802
504714
613662
699074
504922
680348
83356
68630
80738
24202
539632
656550
54626
50388
532372
447036
67092
27206
667204
47902
637120
580732
702090
612342
672168
28208
470432
601218
103076
226578
467932
544012
594748
51222
27790
434142
216848
482250
218276
503254
76634
455306
673836
30044
604096
712280
615330
624836
516322
698866
633948
223600
541754
24304
537872
230232
703202
678750
463600
35678
28138
105592
612134
691646
52890
141904
579248
521520
717042
700838
20480
117858
586414
27346
497066
516254
56710
490604
592802
109552
610606
457642
606660
442784
491508
39954
436802
452754
518546
602122
230198
51152
535390
588638
559568
588986
218412
506206
620070
680418
655508
35564
667134
125412
591972
213104
480402
41274
467306
129254
95412
511382
27652
46720
469598
547988
699212
678960
581426
491300
667412
562348
61818
634434
23124
478730
50596
40162
131462
524786
658970
655578
14540
532510
212516
676110
139474
89192
561374
25776
47138
494912
28276
484960
214806
562486
612968
559916
621390
546668
470362
30252
22078
561444
680070
612204
712210
523118
603680
445298
632004
223402
238790
540396
646538
560124
631726
573994
717458
218298
218248
709432
635796
40674
48110
232930
100158
575522
718640
552852
218514
666786
80808
54904
118900
97218
115496
654466
469806
601982
210820
435620
708946
589472
602538
47484
543178
217280
14818
683474
528272
543942
207858
504296
125690
646470
86848
446966
215016
71548
499774
547156
234004
647316
486192
442506
589958
656412
123744
211498
682294
511174
482876
42802
598648
691854
594192
73578
232436
215406
544498
55460
34244
115218
597398
646192
447730
35008
639608
218648
483710
41134
691436
674338
591140
128072
41204
224694
598440
569126
493940
563390
507594
603402
33202
112506
501934
595790
445230
635450
24722
442576
45678
40578
39354
228970
128560
562694
489770
599274
469182
79156
40118
562416
499496
65218
561722
445786
548266
128976
104272
211014
709988
550142
619862
12454
504226
594400
22916
54696
562070
96662
215750
499150
66676
453310
609426
102450
533066
672516
469668
562764
570376
470294
547224
661470
122842
711098
117512
682364
51570
446618
209828
217352
135930
208482
644074
559430
40300
238698
34800
28180
552922
130768
234456
674548
668176
78740
708042
108928
710752
692966
597328
210044
20688
574758
632768
559638
704924
59456
120688
630474
532996
692688
445994
123466
554102
55182
13746
675104
493036
600802
70784
223188
595580
75732
210966
648944
126038
547572
589610
522840
32736
637328
219264
705480
691992
224254
543804
479846
483988
606870
102866
525480
666300
35634
710542
53098
475464
632836
140168
80946
663138
498942
554380
139404
717320
72174
524438
125898
710890
142600
124370
87542
232456
55042
499010
93606
639676
90166
496996
48388
568918
51430
670096
437288
553130
82036
217304
226236
122702
432452
478382
216386
448704
36096
569612
463184
610120
71478
50874
105732
484334
437150
114664
207386
662860
536642
570794
639468
700074
530704
452684
614358
590930
115984
464504
55530
712696
655300
568502
232260
234954
645914
237304
569334
493244
524508
548128
708598
462280
709292
655994
233560
35772
62166
532440
544914
33688
226590
559708
517574
216152
9004
47624
107052
681600
29778
21938
49206
492758
436106
631308
515420
33994
433864
37972
697614
34174
457782
41760
635588
563042
550698
41552
34036
87194
578552
590374
580384
112924
521728
23818
609634
719474
659942
622810
65912
102172
667342
528480
690256
483848
502698
25638
216684
69464
602468
98982
630614
496024
632282
659178
433448
497412
481348
114802
211546
527370
208072
646748
233102
443270
651782
15304
519170
458962
709222
22846
649084
65148
114386
611510
235058
452408
137180
628752
82314
235282
24804
674200
506552
73092
492132
13676
548198
535530
9420
112854
62306
554450
28346
40370
218702
700562
232746
583442
463392
690326
48180
95690
88498
663902
238156
15442
211704
40188
215730
225124
210020
213584
701256
81016
131184
533136
11274
96940
695224
101756
670234
83424
654814
207840
434698
656482
67302
468696
459796
105106
524160
663416
21382
210214
550212
579386
555144
640232
605758
95968
83842
719404
470918
21452
40744
713114
481626
516392
124786
505998
600316
569752
139750
578414
587458
15860
651922
48040
493730
569404
508150
76218
105384
434350
534626
528064
545124
530982
704854
212968
665884
626252
52264
25012
51708
53862
660220
235166
613038
85874
510896
522770
496926
535252
17800
11342
486748
232414
455098
137458
606036
80322
613316
216224
616752
28734
462976
233528
491994
473252
602260
670512
15512
716556
231930
94508
235562
568570
639330
561096
446828
92702
467236
96176
601914
628962
234388
32388
445022
207458
492620
712766
447384
531328
628198
672030
54556
223284
676666
539216
475186
224942
109206
520408
662790
604236
483224
603610
39702
442646
50110
490326
124440
667968
568710
233550
581010
80182
462072
229420
484196
483432
672586
559082
585442
657662
682432
710682
123188
232216
498524
215964
97010
500470
74968
534696
108996
601774
32924
73786
718014
641574
116330
518406
548822
680280
609564
599828
562972
524854
37318
654744
609008
142738
139682
436176
142530
655786
674756
522006
72952
720098
527022
473044
592112
228802
620210
718918
659316
65704
237648
94856
567598
216052
29638
575732
481694
672238
139890
30184
17104
705202
11134
224808
208182
136902
612274
706872
229584
701534
75592
141070
23402
24456
714156
662026
102380
661124
114108
446688
437566
462698
564292
104898
476228
589264
606244
28068
75524
34314
540258
537942
114732
436038
593150
670720
552434
13330
123814
666440
22568
107330
101616
515628
484266
584886
700770
679098
81966
237146
482736
434074
54418
532580
467792
594330
634018
20618
459102
458128
658830
113968
522702
54000
478314
67232
519380
613454
582052
223070
544846
42064
540466
662096
496510
613872
46998
41994
30114
684448
591208
697684
27444
34064
549794
636982
666508
219018
653980
672932
511034
550282
527300
703340
35078
11620
36512
593844
451780
465684
564918
66050
446410
689700
499914
479008
472974
56780
620626
609494
119248
495814
87612
539076
29916
15164
652408
213026
624766
632350
117720
93188
474422
681738
586554
485308
550490
476020
586484
674270
692618
37108
467584
681322
611648
448772
229444
215596
135444
26540
532648
704994
610050
35494
56918
50250
95482
631030
223030
599620
634964
679028
117790
14956
491646
623296
112436
672724
82174
138362
552088
506484
475952
100782
210452
540118
54766
120618
118624
463948
699936
113898
582190
445160
52680
521798
515142
646260
670860
32040
678612
498246
468764
447660
666578
582538
444674
593774
525410
648458
210962
593706
447800
468834
105314
238662
546390
521450
677708
537038
31902
128004
667620
530078
508498
455584
72884
679724
570030
524230
531052
475674
661332
96384
61264
619446
436662
499844
567528
87472
74272
574064
670026
476160
679514
641504
121314
76426
473460
30670
48804
141974
123676
94718
448148
581148
478868
520478
629154
563180
673350
588082
507108
684726
646816
547364
489492
679238
562556
620002
66190
581704
702646
573508
114940
595302
610468
621112
131532
700630
237046
563876
483084
94370
609704
103786
116816
583094
477340
697754
232396
526536
670790
453518
209718
711862
108858
527646
500122
136764
613524
642060
682710
616684
634754
40856
125968
507318
435968
564014
104968
563806
472140
139056
462142
476438
490534
589750
574550
41716
507526
523396
138430
527508
616892
510408
535322
9212
129324
719056
686780
496092
34522
103284
46234
716904
35146
491438
581566
660914
48666
463254
225662
569960
634226
435690
649570
590514
138084
581288
88776
20272
225176
453102
484544
543734
676596
54070
547920
78114
451364
32596
573578
16138
487234
686434
130350
23680
97358
550768
539146
595442
48248
458338
654606
709362
51916
47832
467098
538080
540050
647594
557762
519102
640372
40604
467514
513754
640302
634616
517086
703270
598022
496648
112714
24792
575314
120480
679792
47206
28694
692202
458268
459240
525828
25220
594538
95134
223008
698378
464296
128142
35216
216828
657384
226690
121730
619306
141002
649222
123536
88984
