100018
100088
100158
100226
100296
100366
100436
100504
100574
100644
100714
100782
100852
100922
100992
101060
101130
101200
101268
101338
101408
101478
101546
101616
101686
101756
101824
101894
101964
102034
102102
102172
102242
102310
102380
102450
102520
102588
102658
102728
102798
102866
102936
103006
103076
103144
103214
103284
103354
103786
103856
103926
103994
104064
104134
104204
104272
104342
104412
104482
104550
104620
104690
104760
104828
104898
104968
105038
105106
105176
105246
105314
105384
105454
105524
105592
105662
105732
105802
105870
105940
10648
106774
106844
106912
106982
107052
107122
10718
107190
107260
107330
107398
107468
107538
107608
107676
107746
107816
10786
107886
107954
108024
108094
108164
108232
108302
108372
108440
108510
10856
108580
108650
108718
108788
108858
108928
108996
109066
109136
109206
10926
109274
109344
109414
109484
109552
10996
11064
11134
11204
112298
112368
112436
112506
112576
112646
112714
11274
112784
112854
112924
112992
113062
113132
113202
113270
113340
113410
11342
113480
113690
113760
113830
113898
113968
114038
114108
11412
114176
114246
114316
114386
114454
114524
114594
114664
114732
114802
11482
114872
114940
115010
115080
115150
115218
115288
115358
115428
115496
11552
115566
115636
115706
115774
115844
115914
115984
116052
116122
116192
11620
116260
116330
116400
116470
116538
116608
116678
116748
116816
116886
11690
116956
117026
117094
117164
117234
117304
117372
117442
117512
117580
11760
117650
117720
117790
117858
117928
117998
118068
118136
118206
118276
11830
118346
118414
118484
118554
118624
118692
118762
118832
118900
118970
11898
119040
119110
119178
119248
119318
119388
119456
119526
119596
119666
11968
119734
119804
119874
119942
120012
12038
120410
120480
120548
120618
120688
120758
120826
120896
120966
121036
12106
121104
121174
121244
121314
121382
121452
121522
121590
121660
121730
12176
121800
121868
121938
122008
122078
122146
122216
122286
122356
122424
12246
122494
122564
122634
122702
122772
122842
122910
122980
123050
123120
12316
123188
123258
123328
123398
123466
123536
123606
123676
123744
123814
12384
123884
123952
124022
124092
124162
124230
124300
124370
124440
124508
12454
124578
124648
124718
124786
124856
124926
124996
125064
125134
125204
12524
125272
125342
125412
125482
125550
125620
125690
125760
125828
125898
12594
125968
126038
12662
12732
127586
127656
127726
127796
127864
127934
128004
12802
128072
128142
128212
128282
128350
128420
128490
128560
128628
128698
128768
128838
128906
128976
129046
129116
129184
129254
129324
129392
129462
129532
129602
129670
129740
129810
130282
130350
130420
130490
130560
130628
130698
130768
130836
130906
130976
131046
131114
131184
13122
131254
131324
131392
131462
131532
131602
131670
131740
131810
131880
13190
131948
132018
132088
132156
132226
132296
132366
132434
132504
132574
13260
132644
13330
13398
13468
135304
135374
13538
135444
135514
135582
135652
135722
135792
135860
135930
136000
136068
13608
136138
136208
136278
136346
136416
136486
136556
136624
136694
136764
13676
136834
136902
136972
137110
137180
137250
137320
137388
137458
13746
137528
137598
137666
137736
137806
137876
137944
138014
138084
138154
138222
138292
138362
138430
138500
138570
138640
138708
138778
138848
138918
138986
139056
139126
139196
139264
139334
139404
139474
139542
139612
139682
139750
139820
139890
139960
140028
140098
140168
140238
140306
140376
140446
140516
140584
140654
140724
140794
140862
140932
141002
141070
141140
141210
141280
141348
141418
141488
141558
141626
141696
141766
141836
141904
141974
142044
142112
142182
142252
142322
142390
142460
142530
142600
14262
142668
142738
142808
142920
142988
143058
14332
14400
14470
14540
14610
14678
14748
14818
14888
14956
15026
15096
15164
15234
15304
15374
15442
15512
15582
15652
15720
15790
15860
15930
15998
16068
16138
16208
16276
16346
16416
16484
17104
17174
17244
17312
17382
17452
17522
17590
17660
17730
17800
17868
17938
18008
20272
20340
20410
20480
20548
20618
20688
207374
207384
207386
207390
207458
207464
207468
207484
207512
207542
207544
207566
20758
207642
207840
207858
207864
207882
207896
207902
207990
208038
208072
208114
208128
208182
208184
20826
208440
208482
208488
208492
208562
208732
208772
208794
208796
208804
208856
208896
20896
209028
209334
209372
209458
209496
209520
209546
209560
209580
209616
209644
20966
209718
209740
209804
209828
209838
209874
209900
210020
210044
210214
210338
21036
210382
210440
210452
210476
210498
210588
210654
210706
210710
210820
210868
210894
210898
210902
210962
210966
211002
211014
211038
21104
211094
211114
211176
211224
211238
211370
211386
211498
211506
211544
211546
211598
211660
211692
211704
21174
211776
211820
211900
211906
211930
21244
212516
212540
212564
212650
212656
212684
212688
212728
212730
212770
212796
212800
212810
212866
212908
212916
212968
212970
212978
213018
213026
213068
213078
213104
213114
213116
21314
213178
213280
213332
213360
213434
213446
213454
213584
213670
213798
21382
21452
214738
214750
214776
214794
214806
214840
214930
214982
215000
215016
215032
215058
215090
215168
215228
21522
215304
215320
215328
215406
215482
215520
215596
215640
215646
215690
215722
215730
215750
215850
21590
215912
215930
215940
215964
215988
216004
216016
216024
216038
216052
216060
216078
216106
216110
216152
216224
216282
216294
216306
216336
216360
216384
216386
216448
216466
216514
216556
21660
216650
216662
216664
216684
216690
216738
216744
216828
216838
216848
216896
217070
217120
217154
217172
217180
217188
217268
217278
217280
217304
21730
217352
217722
217788
217842
217862
217884
217892
217932
217936
217980
218002
21800
218112
218122
218130
218182
218202
218248
218276
218298
218354
218412
218444
218514
218536
218584
218648
218660
21868
218702
218710
218908
218918
218978
218980
218988
218996
219010
219018
219058
219068
219080
219188
219232
219246
219264
219288
219340
21938
22008
22078
22220
222858
222890
222908
22290
223008
223030
223062
223070
223104
223188
223202
223212
223254
223284
223402
223502
223530
223568
223600
22360
223632
223646
224118
224124
224168
224254
22430
224450
224472
224530
224552
224562
224620
224666
224680
224682
224694
224808
224884
224926
224936
224942
22498
225018
225124
225148
225176
225186
225222
225240
225312
225336
225360
225406
225480
225494
225554
225590
225594
225614
225662
225676
22568
225738
225746
225820
225880
225938
225948
225960
225964
225966
225994
226036
226044
226060
226108
226110
226112
226122
226202
226236
226240
226280
226302
226360
22638
226424
226430
226438
226466
226504
226578
226590
226596
226622
226652
226690
226708
226722
226732
226758
22708
22776
22846
228782
228802
228896
228900
228970
229016
229018
22916
229190
229238
229266
229372
229420
229444
229544
229584
229626
229714
229724
229772
22984
229902
229938
230048
230070
230086
230180
230182
230198
230214
230232
23054
23124
231902
231930
23194
231962
232152
232158
232216
232260
232296
232326
232392
232396
232414
232436
232456
232504
232526
232528
232576
23262
232714
232746
232830
232882
232904
232930
232952
232958
233038
233074
233082
233102
233186
233222
233228
233278
233322
23332
233340
233364
233396
233478
233528
233550
233560
233566
233688
233898
233914
233926
233936
234004
234012
23402
234058
234124
234240
234298
234318
234354
234388
234398
234454
234456
234526
234582
234608
234616
234652
234666
234688
23472
234954
235036
235058
235110
235142
235166
235282
235312
235318
235338
235358
235376
235384
23540
235542
235550
235562
235676
235746
235836
235846
235900
23610
23646
23680
236816
236916
237046
237066
237146
23716
237186
237208
237226
237256
237258
237304
237312
237418
237464
23750
237550
237648
237790
237868
23786
237894
237898
237900
237926
237960
237994
238078
238156
238160
238182
23818
238192
238238
238356
238416
238426
238438
238456
238466
238490
238536
238556
23856
238656
238662
238698
238722
238790
238794
238804
23888
238920
23924
23958
23994
24028
24064
24096
24134
24166
24202
24236
24304
24374
24444
24456
24514
24526
24582
24652
24722
24792
24804
24860
24872
24930
24942
25000
25012
25070
25082
25138
25150
25208
25220
25290
25360
25428
25498
25568
25638
25706
25776
25846
25914
25984
26054
26124
26192
26262
26332
26402
26470
26540
26610
26680
26748
26818
26888
26958
27026
27068
27096
27136
27166
27206
27234
27276
27304
27346
27374
27414
27444
27484
27512
27554
27582
27624
27652
27692
27722
27762
27790
27832
27860
27902
27930
27970
28000
28040
28068
28110
28138
28180
28208
28248
28276
28318
28346
28388
28416
28456
28486
28526
28554
28596
28624
28666
28694
28734
28804
28874
28944
29360
29430
29500
29570
29638
29708
29778
29848
29906
29916
29974
29986
30044
30056
30114
30124
30184
30252
30322
30392
30462
30530
30600
30670
30738
30808
30878
30948
31016
31086
31156
31226
31294
31364
31434
31504
31572
31642
31902
31972
32040
32110
32180
32248
32318
32388
32458
32526
32596
32666
32736
32804
32854
32874
32924
32944
32994
33014
33062
33082
33132
33202
33272
33340
33410
33480
33550
33618
33688
33758
33828
33896
33966
33994
34036
34064
34104
34134
34174
34244
34314
34382
34452
34522
34592
34660
34730
34800
34870
34938
35008
35078
35146
35192
35216
35262
35286
35332
35356
35400
35424
35470
35494
35540
35564
35610
35634
35678
35702
35748
35772
35818
35842
35888
35912
35956
36026
36066
36096
36136
36166
36206
36234
36276
36304
36344
36374
36414
36442
36484
36512
36552
36582
36622
36652
36692
36720
36762
36790
36830
36860
36900
36930
36970
36998
37040
37068
37108
37138
37178
37208
37248
37276
37318
37346
37386
37416
37456
37486
37526
37554
37596
37624
37664
37694
37762
37832
37902
37972
38590
38660
38728
38798
38868
38938
39006
39076
39146
39216
39284
39354
39424
39494
39562
39632
39702
39744
39770
39814
39840
39884
39910
39954
39980
40022
40048
40092
40118
40162
40188
40232
40258
40300
40326
40370
40396
40440
40466
40510
40536
40578
40604
40648
40674
40718
40744
40786
40814
40856
40882
40926
40952
40996
41022
41064
41090
41134
41160
41204
41230
41274
41300
41342
41368
41412
41438
41482
41508
41552
41578
41620
41646
41690
41716
41760
41786
41828
41856
41898
41924
41968
41994
42038
42064
42106
42134
42176
42246
42316
42384
42454
42524
42594
42662
42732
42802
42872
42940
43010
432314
432382
432452
432522
433030
433100
433170
433240
433308
433378
433448
433518
433586
433656
433726
433796
433864
433934
434004
434074
434142
434212
434282
434350
434420
434490
434560
434628
434698
434768
434838
434906
434976
435046
435116
435620
435690
435760
435830
435898
435968
436038
436106
436176
436246
436316
436384
436454
436524
436594
436662
436732
436802
436872
436940
437010
437080
437150
437218
437288
437358
437426
437496
437566
437636
437704
442228
442298
442368
442436
442506
442576
442646
442714
442784
442854
442922
442992
443062
443132
443200
443270
443340
443410
443478
444604
444674
444744
444812
444882
444952
445022
445090
445160
445230
445298
445368
445438
445508
445576
445646
445716
445786
445854
445924
445994
446064
446132
446202
446272
446342
446410
446480
446550
446618
446688
446758
446828
446896
446966
447036
447106
447174
447244
447314
447384
447452
447522
447592
447660
447730
447800
447870
447938
448008
448078
448148
448216
448286
448356
448426
448494
448564
448634
448704
448772
450808
450878
450946
451016
451086
451156
451224
451294
451364
451502
451572
451642
451712
451780
452268
452338
452408
452476
452546
452616
452684
452754
452824
452894
452962
453102
453172
453240
453310
453380
453450
453518
453588
454264
454334
454402
454472
454542
454610
454680
454750
454820
454888
454958
455028
455098
455166
455236
455306
455376
45540
455444
455514
455584
45608
45678
45748
457572
457642
457712
457782
457850
457920
457990
458060
458128
45818
458198
458268
458338
458406
458476
458546
458616
458684
458754
458824
45886
458892
458962
459032
459102
459170
459240
459310
459380
459448
459518
45956
459588
459658
459726
459796
459866
459936
460004
460074
460144
46026
46096
461446
461516
461586
46164
461656
461724
461794
461864
461934
462002
462072
462142
462212
462280
46234
462350
462420
462488
462558
462628
462698
462766
462836
462906
462976
463044
46304
463114
463184
463254
463322
463392
463462
463532
463600
463670
463740
46374
463808
463878
463948
464018
464086
464156
464226
464296
464364
46442
464434
464504
464574
464642
464712
464782
464852
464920
464990
465060
465128
46512
465198
465268
465338
465406
465476
465546
465616
465684
465754
465824
46582
465894
465962
466032
46652
467098
467168
46720
467236
467306
467376
467444
467514
467584
467654
467722
467792
467862
46790
467932
468000
468070
468140
468210
468278
468348
468418
468486
468556
46860
468626
468696
468764
468834
468904
468974
469042
469112
469182
469252
46928
469320
469390
469460
469530
469598
469668
469738
469806
469876
469946
46998
470016
470084
470154
470224
470294
470362
470432
470502
470572
470640
47068
470710
470780
470850
470918
47138
471654
471724
471792
471862
471932
472002
47206
472070
472140
472210
472280
472348
472418
472488
472558
472626
472696
472766
47276
472834
472904
472974
473044
473112
473182
473252
473322
473390
473460
47346
47416
474284
474354
474422
474492
474562
474632
474700
474770
474840
47484
474908
474978
475048
475118
475186
475256
475326
475464
475534
47554
475604
475674
475742
475812
475882
475952
476020
476090
476160
476228
47624
476298
476368
476438
476506
476576
476646
476716
476784
476854
476924
47694
476994
477062
477132
477202
477272
477340
477410
477480
477548
477618
47762
477688
477758
477826
477896
477966
478036
478104
478174
478244
478314
47832
478382
478452
478522
478590
478660
478730
478800
478868
478938
479008
47902
479078
479650
47972
479846
479916
479986
480054
480124
480194
480264
480332
480402
48040
480472
480540
48110
481208
481278
481348
481416
481486
481556
481626
481694
481764
48180
481834
481904
481972
482042
482112
482182
482250
482320
482390
482458
48248
482528
482598
482668
482736
482806
482876
482946
483014
483084
483154
48318
483224
483292
483362
483432
483500
483570
483640
483710
483778
483848
48388
483918
483988
484056
484126
484196
484266
484334
484404
484474
484544
48458
484612
484682
484752
484820
484890
484960
485030
485168
485238
48526
485308
485496
485566
485636
485706
485774
485844
485914
48596
485984
486052
486122
486192
486260
486330
486400
486470
486538
486608
48666
486678
486748
486816
486886
486956
487026
487094
487164
487234
487304
48736
487372
487442
487512
48804
489492
489562
489632
489702
489770
489840
489910
489980
490048
490118
490188
490258
490326
490396
490466
490534
490604
490674
490744
490812
490882
490952
491022
491090
491160
491230
491300
491368
491438
491508
491578
491646
491716
491786
491854
491924
491994
492064
49206
492132
492202
492272
492342
492480
492550
492620
492688
492758
49276
492828
492898
492966
493036
493106
493174
493244
493314
493384
493452
49346
493522
493592
493662
493730
493800
493870
493940
494008
494078
494148
49414
494216
494286
494356
494426
494494
494564
494634
494704
494772
494842
49484
494912
494982
495050
495120
495190
495260
495328
495398
495468
495536
495606
495676
495746
495814
495884
495954
496024
496092
496162
496232
496302
496370
496440
496510
496580
496648
496718
496788
496856
496926
496996
497066
497134
497204
497274
497344
497412
497482
497552
497622
497690
497760
497830
497900
497968
498038
498108
498176
498246
498316
498386
498454
498524
498594
498664
498732
498802
498872
498942
499010
499080
499150
499218
499288
499358
499428
499496
499566
499636
499706
49972
499774
499844
499914
499984
500052
500122
500192
500262
500330
500400
50040
500470
500538
50110
50180
501934
502004
502074
502142
502212
502282
502352
502420
502490
50250
502560
502630
502698
502768
502838
502908
502976
503046
503116
503184
50318
503254
503324
503394
503462
503532
503602
503672
503740
503810
503880
50388
503950
504018
504088
504158
504226
504296
504366
504436
504504
504574
50458
504644
504714
504782
504852
504922
504992
505060
505130
505200
50528
50596
505998
506066
506136
506206
506274
506344
506414
506484
506552
506622
50666
506692
506762
506830
506900
506970
507040
507108
507178
507248
507318
50736
507386
507456
507526
507594
507664
507734
507804
507872
507942
508012
50806
508082
508150
508220
508290
508360
508428
508498
508568
50874
50944
510132
51014
510200
510270
510340
510408
510478
510548
510618
510686
510756
510826
51084
510896
510964
511034
511104
511174
511242
511312
511382
511450
511520
51152
51222
512850
512920
51292
512988
513058
513128
513198
513266
513336
513406
513476
513544
51360
513614
513684
513754
513822
513892
513962
514030
514100
514170
514240
514308
51430
514656
514724
514794
514864
514934
515002
51500
515072
515142
515212
515280
515350
515420
515488
515558
515628
515698
51570
515766
515836
515906
515976
516044
516114
516184
516254
516322
51638
516392
516462
516530
516600
516670
516740
516808
516878
516948
517018
517086
51708
517156
517226
517296
517364
517434
517504
517574
517642
517712
517782
51778
517850
517920
517990
518060
518128
518198
518268
518338
518406
518476
51848
518546
518616
518684
518754
518824
518894
518962
519032
519102
51916
519170
519240
519310
519380
519448
519518
519588
519658
51986
520408
520478
520548
52056
520618
520686
520756
520826
520896
520964
521034
521104
521172
521242
52126
521312
521382
521450
521520
521590
521660
521728
521798
521868
521938
52194
522006
522076
522146
522214
522284
522354
522424
522492
522562
522632
52264
522702
522770
522840
522910
522980
523048
523118
523188
523258
523326
52334
523396
523466
523534
523604
523674
523744
523812
523882
523952
524022
52404
524090
524160
524230
524300
524368
524438
524508
524578
524646
524716
52472
524786
524854
524924
524994
525064
525132
525202
525272
525342
525410
52542
525480
525550
525620
525688
525758
525828
52612
526326
526396
526466
526536
526604
526674
526744
52680
526814
526882
526952
527022
527092
527160
527230
527300
527370
527438
527508
52750
527578
527646
527716
527786
527856
527924
527994
528064
528134
528202
52820
528272
528342
528412
528480
528550
528620
528690
528758
528828
528898
52890
528966
529036
529106
529176
529244
529314
529384
529454
529522
52958
529592
529662
529732
529800
529870
529940
530010
530078
530148
530218
530286
53028
530356
530426
530496
530564
530634
530704
530774
530842
530912
530982
53098
531052
531120
531190
531260
531328
531398
531468
531538
531606
531676
53168
531746
531816
531884
531954
532024
532094
532162
532232
532302
53236
532372
532440
532510
532580
532648
532718
532788
532858
532926
532996
533066
53306
533136
53376
533834
533904
533974
534044
534112
534182
53446
534488
534558
534626
534696
534766
534834
534904
534974
535044
535112
53514
535182
535252
535322
535390
535460
535530
535600
535668
535738
535808
53584
535876
536086
536154
536224
536294
536364
536432
536502
53654
536572
536642
536760
536830
536900
536970
537038
537108
537178
53722
537246
537316
537386
537456
537524
537594
537664
537734
537802
537872
53792
537942
538012
538080
538150
538220
538290
53862
539076
539146
539216
539284
53932
539354
539424
539494
539562
539632
539702
539772
539840
539980
54000
540050
540118
540188
540258
540328
540396
540466
540536
54070
54140
541754
541824
54210
54278
543178
543248
543316
543386
543456
54348
543526
543594
543664
543734
543804
543872
543942
544012
544080
544150
54418
544220
544290
544358
544428
544498
544568
544636
544706
544776
544846
54488
544914
544984
545054
545124
545192
545262
54556
546044
546112
546182
546252
54626
546322
546390
546460
546530
546600
546668
546738
546808
546878
546946
54696
547016
547086
547156
547224
547294
547364
547432
547502
547572
547642
54766
547710
547780
547850
547920
547988
548058
548128
548198
548266
548336
54834
548406
548474
548544
548614
548684
548752
548822
548892
548962
549030
54904
549100
549170
549240
549308
549378
549448
549518
549586
549656
549726
54974
549794
549864
549934
550004
550072
550142
550212
550282
550350
550420
55042
550490
550560
550628
550698
550768
550838
550906
550976
551046
551114
55112
551184
551254
551324
551392
551462
551532
551602
551670
551740
551810
55182
551880
551948
552018
552088
552158
552226
552296
552366
552434
552504
55252
552574
552644
552712
552782
552852
552922
552990
553060
553130
553200
55320
553268
553338
553408
553476
553546
553616
553686
553754
553824
553894
55390
553964
554032
554102
554172
554242
554310
554380
554450
554520
554588
55460
554658
554728
554796
554866
554936
555006
555074
555144
55530
55598
55668
556998
557068
557136
557206
557276
557346
55738
557414
557484
557554
557624
557692
557762
557832
557900
557970
558040
55808
558110
558178
558248
558318
558526
558596
558666
558734
55876
558804
558874
558942
559012
559082
559152
559220
559290
559360
559430
55946
559498
559568
559638
559708
559776
559846
559916
559986
560054
560124
56016
560194
560262
560332
560402
560472
560540
560610
560680
560750
560818
56086
560888
560958
561028
561096
561166
561236
561306
561374
561444
561514
56154
561582
561652
561722
561792
561860
561930
562000
562070
562138
562208
56224
562278
562348
562416
562486
562556
562626
562694
562764
562834
562902
56294
562972
563042
563112
563180
563250
563320
563390
563458
563528
563598
56362
563668
563736
563806
563876
563944
564014
564084
564154
564222
564292
56432
564362
564432
564500
564570
564640
564710
564778
564848
564918
564988
56502
56572
56640
56710
567528
567598
567668
567736
567806
56780
567876
567946
568014
568084
568154
568224
568292
568362
568432
568502
56850
568570
568640
568710
568780
568848
568918
568988
569056
569126
56918
569196
569266
569334
569404
569474
569544
569612
569682
569752
569822
569890
569960
570030
570098
570168
570238
570308
570376
570446
570516
570586
570654
570724
570794
570864
570932
572952
573022
573092
573160
573230
573300
573368
573438
573508
573578
573646
573716
573786
573856
573924
573994
574064
574134
574202
574272
574342
574412
574480
574550
574620
574688
574758
574828
574898
574966
575036
575106
575244
575314
575384
575454
575522
575592
575662
575732
575800
578344
578414
578482
578552
578622
578692
578760
578830
578900
578970
579038
579108
579178
579248
579316
579386
579456
580314
580384
580454
580524
580592
580662
580732
580802
580870
580940
581010
581080
581148
581218
581288
581358
581426
581496
581566
581634
581704
581774
581844
581912
581982
582052
582122
582190
582260
582330
582400
582468
582538
582608
582678
582746
582816
582886
582954
583024
583094
583164
583232
583302
583372
583442
583510
583580
583650
583720
584886
584956
585026
585094
585164
585234
585304
585372
585442
585512
585582
585650
585720
585790
585860
585928
585998
586068
586138
586206
586276
586346
586414
586484
586554
586624
586692
586762
586832
586902
586970
587040
587110
587180
587248
587318
587388
587458
587526
587596
587666
587734
587804
587874
587944
588012
588082
588152
588222
588290
588360
588430
588500
588568
588638
588708
588778
588846
588916
588986
589054
589124
589194
589264
589332
589402
589472
589542
589610
589680
589750
589820
589888
589958
590028
590096
590166
590236
590306
590374
590444
590514
590584
590652
590722
590792
590862
590930
591000
591070
591140
591208
591278
591348
591416
591626
591694
591764
591834
591904
591972
592042
592112
592386
592454
592524
592594
592664
592732
592802
592872
592940
593010
593080
593150
593218
593288
593358
593428
593496
593566
593636
593706
593774
593844
593914
593982
594052
594122
594192
594260
594330
594400
594470
594538
59456
594608
594678
594748
594816
594886
594956
595026
595094
595164
595234
595302
595372
595442
595512
595580
595650
595720
595790
59596
596702
596772
596842
596912
596980
597050
597120
597190
597258
597328
597398
597466
597536
597606
597676
597744
597814
597884
597954
598022
598092
598162
598232
598300
598370
598440
598510
598578
598648
598718
598786
598856
598926
598996
599064
599134
599204
599274
599342
599412
599482
599552
599620
599690
599760
599828
599898
599968
600038
600106
600176
600246
600316
600384
600454
600524
600594
600662
600732
600802
600872
600940
601010
601080
601148
601218
601288
601358
601426
601566
601636
601704
601774
601844
601914
601982
602052
602122
602192
602260
602330
602400
602468
602538
602608
602678
602746
602816
602886
602956
603332
603402
603472
603542
603610
603680
603750
603818
603888
603958
604028
604096
604166
604236
604306
604374
604444
604514
604584
605618
605688
605758
605828
605896
605966
606036
606104
606174
606244
606314
606382
606452
606522
606592
606660
606730
606800
606870
606938
607008
607078
608384
608452
608522
608592
608660
608730
608800
608870
608938
609008
609078
609148
609216
609286
609356
609426
609494
609564
609634
609704
609772
609842
609912
609980
610050
610120
610190
610258
610328
610398
610468
610536
610606
610676
610746
610814
610884
610954
611022
611092
611162
611232
611300
611370
611440
611510
611578
611648
611718
611788
611856
611926
61194
611996
612066
612134
612204
612274
612342
612412
612482
612552
612620
61264
612690
612760
612830
612898
612968
613038
613108
613176
613246
613316
613386
613454
613524
613594
613662
613732
613802
613872
613940
614010
614080
614150
614218
614288
614358
614428
614704
614774
615122
615260
615330
615400
615470
615538
615608
616614
616684
616752
616822
616892
616960
618108
61818
619098
619236
619306
619376
619446
619514
619584
619654
619724
619792
619862
620002
620070
620140
620210
62028
620556
620626
620696
62096
620974
621044
621112
621182
621390
621460
62166
621976
62236
622810
622878
623018
62306
623086
623156
623226
623296
62374
623876
624488
624558
624626
624696
624766
624836
624904
625182
625252
626252
626530
627156
627294
627364
627642
627710
627780
627850
627920
628058
628128
628198
628266
628336
628406
628476
628544
628614
628684
628752
628822
628892
628962
629154
629224
629294
629364
629432
629502
629572
629642
629710
629780
629850
630196
630266
630336
630406
630474
630614
630684
630752
630822
630892
630962
631030
631100
631170
631240
631308
631378
631448
631516
631586
631656
631726
631794
631864
631934
632004
632072
632142
632212
632282
632350
632420
632490
632560
632628
632698
632768
632836
632906
632976
633046
633114
633184
633254
633324
633392
633462
633532
633602
633670
633740
633810
633878
633948
634018
634088
634156
634226
634296
634366
634434
634546
634616
634686
634754
634824
634894
634964
635032
635102
635172
635240
635310
635380
635450
635518
635588
635658
635728
635796
636842
636912
636982
637050
637120
637190
637260
637328
637468
637536
637606
637676
637746
637814
637884
637954
638024
638092
638704
638774
638844
638912
638982
639052
639120
639190
639260
639330
639398
639468
639538
639608
639676
639746
639816
639886
639954
640024
640094
640164
640232
640302
640372
640440
640510
640580
640650
641364
641434
641504
641574
641642
641712
641782
641852
641920
641990
642060
642130
642198
642268
642338
642406
642476
642546
642616
642684
642754
642824
642894
642962
643032
643102
643172
643240
643380
643450
643518
643588
643658
643726
643796
643866
643936
644004
644074
644144
645706
645774
645844
645914
645984
646052
646122
646192
646260
646330
646400
646470
646538
646608
646678
646748
646816
646886
647316
647386
647454
647524
647594
647664
647732
647802
647872
648388
648458
648528
648598
648666
648736
648806
648876
648944
649014
649084
649154
649222
649292
649362
649432
649500
649570
649640
649708
65078
651018
651088
651158
651226
651296
651366
651436
65148
651504
651574
651644
651714
651782
651852
651922
651990
652060
652130
65218
652200
652268
652338
652408
652478
65356
653910
653980
654050
654120
654188
654258
65426
654328
654398
654466
654536
654606
654674
654744
654814
654884
654952
655022
655092
655162
655230
655300
655370
655440
655508
655578
655648
65564
655718
655786
655856
655926
655994
656064
656134
656204
656272
656342
65634
656412
656482
656550
656620
656690
656760
656828
656898
656968
657038
65704
657106
657176
657246
657314
657384
657454
657524
657592
657662
657732
65842
658484
658552
658622
658692
658762
658830
658900
658970
659038
659108
65912
659178
659248
659316
659386
659456
659526
659594
659664
659734
659804
65982
659872
659942
660012
660082
660150
660220
660290
660358
660428
660498
66050
660568
660636
660706
660776
660846
660914
660984
661054
661124
661192
66120
661262
661332
661402
661470
661540
661610
661678
661748
661818
661888
66190
661956
662026
662096
662166
662234
662304
662374
662444
662512
662582
66260
662652
662720
662790
662860
662930
662998
663068
663138
663208
663276
66328
663346
663416
663486
663554
663624
663694
663764
663832
663902
66398
66468
66538
665606
665674
665744
665814
665884
665952
666022
66606
666092
666162
666230
666300
666370
666440
666508
666578
666648
666718
66676
666786
666856
666926
666994
667064
667134
667204
667272
667342
667412
66746
667482
667550
667620
667690
667760
667828
667898
667968
668038
668106
66814
668176
66884
66954
669818
669886
669956
670026
670096
670164
670234
67024
670304
670374
670442
670512
670582
670652
670720
670790
670860
670928
67092
670998
671068
671138
671206
67162
671890
671960
672030
672098
672168
672238
672308
67232
672376
672446
672516
672586
672654
672724
672794
672862
672932
673002
67302
673072
673140
673210
673280
673350
673418
673488
673558
673628
673696
67370
673766
673836
673906
673974
674200
674270
674338
674408
67440
674478
674548
674616
674686
674756
674826
674894
674964
675034
675104
67510
67580
676110
676180
676250
676318
676388
676458
67648
676528
676596
676666
676736
67718
677362
677430
677500
677570
677640
677708
677778
677848
677918
677986
678056
678194
678264
678334
678404
678472
678542
678612
678682
678750
678820
678890
678960
679028
679098
679168
679238
679306
679376
679446
679514
679584
679654
679724
679792
679862
679932
680002
680070
680140
680210
680280
680348
680418
680834
680904
681112
681182
681252
681322
681390
681460
681600
681668
681738
681808
681946
682086
682154
682224
682294
682364
682432
682642
682710
682780
682850
682988
683128
683196
683336
683406
683474
683962
684170
684240
684308
684378
684448
684516
684586
684656
684726
684864
68492
684934
685004
685072
685142
685212
685282
685558
68562
68630
686434
686502
686572
686642
686712
686780
686850
686920
68700
687476
687684
68770
687754
68838
68908
689630
689700
689770
68978
690256
690326
690394
690464
69048
690534
690604
690672
690742
690812
690950
691020
691090
691160
69116
691228
691298
691368
691436
691506
691576
691646
691714
691784
691854
69186
691924
691992
692062
692132
692202
692270
692410
692478
692548
69256
692618
692688
692756
692826
692896
692966
693034
69326
69394
694252
694322
694392
694460
694530
694600
69464
694670
694738
694808
694878
694946
695016
695086
695156
695224
695294
69534
695364
695434
695502
695572
69604
69672
69742
697476
697546
697614
697684
697754
697824
697892
698032
698100
69812
698170
698240
698310
698378
698448
698518
698588
698656
698726
698796
69882
698866
698934
699004
699074
699142
699212
699282
699352
699420
69950
699866
699936
700006
700074
70020
700214
700284
700422
700492
700562
700630
700700
700770
700838
700908
70090
700978
701048
701116
701186
701256
701326
701394
701464
701534
70158
701604
701672
701742
701812
701882
701950
702020
702090
702158
702228
70228
702298
702368
702436
702506
702576
702646
702714
702784
702854
702924
70298
702992
703062
703132
703202
703270
703340
703410
703478
70368
70436
704576
704646
704716
704784
704854
704924
704994
705062
70506
705132
705202
705272
705340
705410
705480
705548
70576
706386
706456
70646
706526
706594
706664
706734
706804
706872
706942
70714
707416
707486
707556
707626
707694
707764
70784
707902
707972
708042
708112
708180
708250
708320
708390
708458
708528
70854
708598
708668
708736
708806
708876
708946
709014
709084
709154
709222
70924
709292
709362
709432
709500
709570
709640
709710
709778
709848
709918
70992
709988
710056
710126
710196
710264
710334
710404
710474
710542
710612
71062
710682
710752
710820
710890
710960
711030
711098
711168
711238
711308
71132
711376
711446
711584
711654
711794
711862
711932
712002
71202
712072
712140
712210
712280
712350
712418
712488
712558
712628
712696
71270
712766
712836
712904
712974
713044
713114
713182
713252
713322
71340
713738
713808
713878
713948
714016
714086
71410
714156
71478
71548
716138
71618
716208
716278
716348
716416
716486
716556
716626
716694
716764
716834
71688
716904
716972
717042
717112
717180
717250
717320
717390
717458
71756
717806
717876
717946
718014
718084
71826
718292
718362
718432
718640
718778
718848
718918
71896
718988
719056
719126
719196
719334
719404
719474
719544
719612
71966
719682
719960
720098
720168
720238
720308
72034
720654
720932
72104
72174
72244
72312
72814
72884
72952
73022
73092
73162
73230
73300
73370
73440
73508
73578
73648
73718
73786
73856
73926
73996
74064
74134
74204
74272
74342
74412
74482
74550
74620
74690
74760
74828
74898
74968
75038
75106
7514
75176
75246
75316
75384
75454
75524
75592
75662
75732
75802
7584
75870
75940
76010
76080
76148
76218
76288
76358
76426
76496
7654
76566
76634
76704
76774
76844
76912
77072
77142
77212
7722
77280
77350
77420
77490
77558
77628
77698
77768
77836
77906
7792
77976
78044
78114
78184
78254
78322
78392
78462
78532
78600
7862
78670
78740
78810
78878
78948
79018
79088
79156
79226
79296
7932
79834
79904
79974
8000
80044
80112
80182
80252
80322
80390
80460
80530
80600
80668
8070
80738
80808
80878
80946
81016
8140
81480
81548
81618
81688
81758
81826
81896
81966
82036
82104
8210
82174
82244
82314
82382
82452
82522
82590
82660
82730
8278
82800
82868
82938
83008
83078
83146
83216
83286
83356
83424
8348
83494
83564
83634
83702
83772
83842
83910
85250
85320
85388
85458
85528
85596
85666
85736
85806
85874
85944
86014
86084
86152
86222
86292
86362
86430
86500
86570
86640
86708
86778
86848
86916
86986
87056
87126
87194
87264
8726
87334
87404
87472
87542
87612
87682
87750
87820
8796
88290
88358
88428
88498
88568
88636
8864
88706
88776
88846
88914
88984
89054
89124
89192
89262
89332
8934
89402
89470
89540
89610
89678
89748
89818
89888
89956
90026
9004
90096
90166
90234
90304
90374
90444
90512
90582
9074
9142
9212
92564
92634
92702
92772
9282
92842
92910
92980
93050
93120
93188
93258
93328
93398
93466
9350
93536
93606
93676
93744
93814
93884
93954
94022
94092
94162
9420
94230
94300
94370
94440
94508
94578
94648
94718
94786
94856
9490
94926
94996
95064
95134
95204
95272
95342
95412
95482
95550
9560
95620
95690
95760
95828
95898
95968
96038
96106
96176
96246
96316
96384
96454
96524
96592
96662
96732
96940
97010
97080
97148
97218
97288
97358
97426
97496
97566
98982
99050
99120
99190
99258
99328
99398
99468
99536
99606
99676
99746
99814
99884
99954
